41
360 481 195
808 917 179
299 557 169
211 360 42
96 481 167
557 808 43
96 371 215
360 481 198
371 934 173
96 557 203
360 890 199
360 808 110
360 934 192
481 890 216
96 808 20
481 917 109
211 299 90
371 808 68
16 96 161
360 557 60
16 808 92
481 934 219
96 557 122
299 890 137
481 934 71
96 917 182
299 481 108
16 808 212
96 557 181
481 557 219
96 481 20
16 808 63
360 917 135
211 557 38
481 808 201
211 890 39
96 371 27
96 934 113
808 934 52
96 808 201
808 934 212
96 211
42
187 604 195
187 731 199
187 234 191
504 604 44
187 731 20
493 642 153
402 731 131
169 402 107
55 642 157
604 731 80
493 642 142
55 392 36
493 504 134
169 187 123
392 651 135
55 234 195
504 642 51
234 493 92
55 493 40
55 731 60
234 504 77
169 731 62
493 845 94
187 504 90
169 234 195
187 845 200
187 845 79
234 392 29
642 651 158
493 642 191
504 642 128
169 604 76
55 651 154
392 604 56
651 731 214
604 845 165
402 604 53
55 604 154
169 651 182
169 651 147
402 845 26
504 731 77
845 402
38
228 469 186
228 451 182
16 469 219
228 478 176
451 523 122
228 523 108
228 523 72
451 469 176
228 451 90
451 469 139
228 478 167
469 478 21
451 478 148
16 228 215
16 451 186
451 523 20
478 523 82
478 523 66
228 478 107
451 469 95
228 469 63
228 478 34
16 478 218
16 451 214
16 469 176
228 478 213
469 523 178
469 523 84
16 228 122
16 228 55
228 523 109
451 523 174
451 523 30
16 469 90
16 228 39
469 478 109
469 478 88
469 478 62
523 469
37
741 796 205
230 796 148
305 480 85
230 292 125
230 292 75
292 305 146
741 825 110
230 796 164
230 292 126
230 741 155
292 480 152
305 480 146
292 480 107
741 796 40
305 741 44
292 825 177
480 796 158
741 796 148
230 480 110
305 480 71
292 796 218
230 796 75
230 292 159
292 480 67
230 305 106
741 825 218
305 480 109
305 480 210
480 825 105
292 825 109
305 796 214
230 480 211
305 480 117
741 825 215
292 305 76
480 825 20
292 825 86
292 480
68
761 904 20
727 747 46
570 770 56
747 904 99
747 810 125
570 770 208
727 761 80
761 770 33
643 770 158
727 761 151
204 747 41
810 904 122
727 761 204
747 761 192
204 747 93
570 770 156
531 747 36
531 727 83
643 770 82
531 570 210
770 904 114
810 987 205
747 987 99
570 904 94
570 727 197
204 770 214
204 531 62
531 761 199
570 810 106
204 987 201
531 761 167
643 987 88
747 761 69
204 747 127
727 747 79
747 810 85
204 643 170
770 810 83
810 987 116
204 770 152
727 761 108
204 531 172
570 643 206
727 904 37
643 727 143
770 904 53
727 904 166
570 727 204
204 770 146
570 770 63
570 904 155
643 761 99
761 770 204
810 904 98
727 904 215
643 770 32
204 727 44
643 761 97
810 987 190
810 904 126
531 987 78
643 904 168
643 904 189
727 810 217
204 570 30
747 987 201
643 747 198
531 810 216
747 987
31
281 990 177
939 990 93
143 366 52
176 986 166
366 990 76
143 619 75
939 990 206
281 990 198
939 990 74
281 986 37
176 986 129
366 986 39
281 366 96
143 939 23
143 939 54
143 990 40
939 990 183
176 366 98
176 939 29
143 990 84
143 281 159
143 990 131
143 619 80
939 986 52
143 176 39
143 281 86
143 990 154
143 281 109
281 986 43
619 939 218
366 939 122
281 986
42
238 931 134
28 931 48
664 824 151
4 168 210
761 931 177
373 766 27
373 931 85
4 761 123
168 761 83
4 28 122
664 761 49
28 824 111
664 761 116
168 761 63
766 824 209
4 761 38
824 931 43
373 766 159
4 664 155
373 931 93
4 373 101
766 824 50
4 931 188
373 931 186
28 766 180
28 664 155
28 761 145
766 824 192
238 931 132
28 824 173
168 664 86
238 761 139
761 931 53
168 373 29
168 761 110
238 664 76
664 766 85
168 664 127
28 373 201
168 766 76
4 766 174
238 766 113
766 238
41
635 682 216
287 574 87
144 635 119
574 635 83
574 929 85
287 682 98
144 287 50
144 635 42
144 635 164
144 635 159
635 929 208
287 929 44
635 929 22
359 682 199
144 682 127
144 682 58
144 359 176
144 359 159
359 682 216
635 682 63
144 287 35
635 929 137
574 635 58
682 929 183
144 287 21
144 682 214
287 635 112
359 929 138
359 574 22
287 635 207
574 635 73
144 929 64
359 682 122
287 574 195
287 635 99
144 574 29
359 929 131
359 682 116
287 682 40
635 682 190
287 359 163
359 635
28
185 896 20
896 924 91
139 474 77
185 998 101
139 185 54
238 783 47
238 896 200
474 829 64
185 783 166
238 783 31
783 789 38
139 924 177
185 924 83
896 924 136
789 896 53
474 829 69
185 783 121
924 998 188
185 829 39
783 998 198
896 998 127
474 924 49
896 924 49
238 896 163
238 789 154
238 789 202
139 896 60
238 829 88
789 783
23
239 814 185
728 855 85
855 1000 65
855 987 104
855 987 47
855 1000 173
728 814 94
987 1000 147
814 987 172
855 1000 190
855 1000 25
239 814 174
239 1000 159
855 1000 208
814 987 140
855 1000 89
239 814 55
239 728 169
239 855 208
855 1000 44
814 1000 48
987 1000 206
814 1000 104
1000 728
24
64 388 116
388 547 45
64 289 183
64 120 135
120 388 142
289 547 121
289 547 39
64 620 22
64 120 176
53 547 35
53 547 185
53 547 101
120 547 43
53 547 39
64 388 123
289 620 167
388 620 190
289 620 155
64 388 185
289 620 47
289 620 108
53 547 27
120 620 117
64 120 53
620 53
27
65 716 94
640 716 143
65 716 158
277 863 194
65 863 43
65 932 162
65 863 214
640 716 204
65 932 144
65 863 180
277 640 104
277 863 27
277 640 184
65 863 133
277 932 188
277 863 44
716 932 92
640 716 67
65 863 208
863 932 97
640 716 104
640 932 46
716 863 67
277 716 167
716 932 126
277 932 179
277 640 134
277 716
25
126 324 48
324 547 141
126 166 125
126 506 166
324 547 174
506 547 164
506 816 100
506 547 36
506 816 166
126 166 44
126 547 148
126 816 60
166 506 86
506 547 69
166 547 112
506 816 92
324 547 190
166 324 75
126 324 173
166 816 195
324 547 25
166 816 169
324 816 81
324 506 67
166 506 83
324 547
23
523 678 179
424 946 152
523 946 116
765 787 126
675 787 164
523 765 114
523 552 185
424 570 215
675 787 95
424 787 90
605 870 70
523 552 71
424 570 194
523 570 67
765 787 175
424 765 184
552 870 136
424 678 101
675 678 123
605 787 49
605 675 216
605 675 64
570 678 189
675 765
69
404 687 86
390 700 165
390 700 122
37 390 167
204 390 162
37 700 49
69 687 136
37 404 43
486 706 86
660 929 23
536 929 64
536 706 170
204 390 218
404 700 23
37 700 107
660 700 153
486 929 74
37 706 90
404 706 64
69 929 60
37 486 108
390 404 29
37 929 159
204 536 109
687 929 219
37 69 40
700 929 39
37 687 136
390 706 154
660 706 100
204 660 73
404 536 205
536 687 145
390 660 121
536 687 128
536 687 174
37 706 51
37 69 102
404 486 72
204 700 181
37 404 27
660 706 144
536 660 128
69 404 119
536 706 205
700 706 144
536 687 134
660 706 106
486 536 110
536 700 116
404 700 33
706 929 119
404 700 87
69 204 34
69 404 70
69 706 127
687 706 131
37 404 164
204 929 112
486 706 96
536 706 178
37 929 215
390 700 138
204 486 158
390 706 94
536 706 153
390 929 183
390 404 100
69 536 70
687 204
52
559 775 102
483 559 22
775 981 49
87 410 111
559 775 112
87 981 180
410 559 65
706 863 155
277 863 126
410 483 208
410 559 184
775 863 26
483 775 51
277 410 82
706 981 155
410 775 174
483 863 182
410 775 28
277 775 197
775 863 150
87 863 95
775 863 108
775 981 45
483 775 111
410 559 93
483 706 50
410 706 90
277 483 97
87 981 186
559 706 98
559 863 110
706 981 65
277 483 198
87 483 106
277 775 114
277 706 42
87 981 195
410 706 100
410 863 137
706 775 76
483 559 107
483 559 55
87 483 178
559 981 192
410 559 214
483 981 84
559 981 168
410 706 104
277 775 166
483 559 100
410 559 97
87 483 55
559 706
55
230 325 181
742 892 212
230 892 184
718 892 219
286 780 167
286 780 26
286 414 29
742 892 50
780 892 57
325 718 156
325 780 69
414 742 197
230 414 182
414 742 144
325 718 147
230 414 78
414 892 73
718 742 119
230 286 71
286 718 215
325 718 212
718 742 185
230 718 60
325 780 202
414 718 94
325 414 38
718 780 143
230 780 211
286 780 214
286 892 24
325 414 29
230 742 173
325 742 195
230 742 90
718 742 42
286 892 87
718 742 176
230 892 43
230 718 20
414 892 127
414 742 45
286 780 150
286 742 132
286 718 182
286 892 196
230 414 65
286 325 151
286 742 26
230 325 101
286 892 121
286 892 108
325 892 54
718 892 57
718 742 147
230 742 206
780 718
41
119 530 102
327 823 70
539 624 103
616 969 200
530 971 146
327 683 152
170 889 194
327 530 215
170 969 27
327 889 154
539 683 160
327 539 213
327 823 142
119 683 185
170 530 189
327 530 23
616 889 100
539 823 94
539 971 20
119 624 99
539 683 83
683 971 25
539 624 141
530 823 125
539 969 97
969 971 202
327 616 105
170 327 79
170 539 178
616 971 156
170 616 90
530 823 174
624 683 189
969 971 151
530 616 79
119 683 111
119 971 149
119 971 159
119 971 49
119 530 70
539 683 205
327 889
71
113 372 48
79 372 128
316 372 96
163 263 143
136 263 152
113 532 144
113 372 36
239 372 108
163 316 59
163 372 159
163 749 70
532 936 56
163 239 61
239 936 139
239 936 142
163 263 118
113 372 117
263 936 99
113 316 50
263 936 46
113 936 51
239 936 33
79 136 45
113 239 140
163 372 161
79 113 93
79 532 85
113 749 166
136 316 182
79 372 24
113 136 113
239 316 55
79 936 218
749 936 178
136 749 115
532 749 173
136 163 209
263 316 131
113 263 170
136 163 206
372 936 177
113 749 35
113 239 54
163 239 145
316 372 27
263 532 52
113 936 153
372 532 163
239 936 212
372 532 34
113 163 95
113 532 129
79 532 75
136 749 71
79 136 201
113 936 124
263 372 23
79 372 207
263 749 87
316 372 70
239 263 215
79 136 203
136 936 34
532 936 195
79 372 176
263 936 186
113 372 215
113 136 174
79 113 86
136 263 161
113 316 207
532 239
33
113 704 215
93 962 75
93 228 71
113 962 96
108 568 126
93 927 83
228 927 148
228 927 156
113 927 198
93 228 210
93 568 23
113 568 61
568 626 125
108 927 88
704 962 67
704 927 203
93 626 24
568 927 133
108 113 161
108 927 153
93 626 91
228 704 208
927 962 108
228 927 164
93 568 149
568 626 98
108 228 162
927 962 145
108 626 114
108 704 147
113 626 191
93 228 131
228 626 41
93 113
38
658 672 66
658 914 46
430 672 79
603 658 105
603 672 62
658 672 214
430 936 99
430 603 188
603 672 52
658 936 27
430 914 94
603 936 34
672 936 170
430 603 194
430 658 75
658 936 76
914 936 176
430 914 189
603 672 194
603 914 24
658 914 24
430 936 112
603 914 137
603 658 68
603 672 218
603 914 174
914 936 171
430 936 152
672 914 200
658 914 76
672 936 92
603 936 122
658 936 64
430 936 71
658 914 215
430 936 141
658 914 37
430 603 138
914 603
34
160 946 58
323 422 219
577 946 138
323 422 93
218 575 182
575 946 183
25 575 104
160 577 195
946 953 94
156 422 207
25 953 121
422 953 187
218 946 28
218 575 102
156 575 133
25 953 157
156 323 28
156 422 28
422 953 213
218 575 86
323 422 184
25 946 90
160 946 173
160 422 188
156 218 57
218 422 198
218 422 94
575 946 171
25 160 90
25 422 214
25 946 191
160 323 121
218 953 166
25 156 70
953 25
34
671 787 162
787 799 66
671 799 197
110 671 42
580 787 113
671 799 78
110 580 61
612 671 188
240 799 113
110 799 84
580 612 51
110 787 112
110 671 190
110 787 24
240 580 137
612 787 203
240 671 133
110 671 63
240 671 137
671 799 163
580 787 91
110 580 174
671 799 110
580 787 34
240 580 22
580 612 75
240 612 105
240 799 91
240 580 129
240 671 191
240 580 21
671 799 88
110 787 197
240 612 172
110 787
24
334 747 203
446 773 211
469 478 113
430 446 133
242 430 89
446 538 107
469 478 209
334 430 193
446 773 164
478 773 82
430 773 163
430 469 213
446 711 135
469 538 84
478 538 154
334 469 166
446 711 113
242 469 25
469 711 20
430 711 151
430 538 219
538 747 173
334 430 132
538 747 31
469 478
32
101 187 35
3 454 122
134 454 134
447 457 106
3 851 208
358 447 106
134 851 101
3 447 139
187 454 57
101 454 112
187 447 123
101 187 218
134 358 73
358 851 130
187 447 217
3 134 90
3 454 91
358 454 98
187 358 60
3 447 188
454 457 91
358 454 169
101 187 62
101 851 53
101 134 56
447 454 35
101 447 197
3 447 158
187 358 147
101 457 97
101 187 213
3 851 24
851 3
62
354 438 187
324 868 44
438 925 36
324 671 164
305 554 85
541 734 103
354 490 200
671 868 213
324 671 178
671 734 104
490 671 196
324 354 111
305 354 56
305 925 54
541 671 169
541 616 72
324 671 210
324 925 57
305 438 64
490 734 149
490 554 200
541 734 184
354 734 50
554 734 38
541 868 142
305 671 117
616 671 177
438 616 41
734 925 41
438 541 186
324 490 109
541 734 112
354 541 95
541 554 202
324 541 161
438 490 192
490 925 54
616 671 132
438 541 60
305 324 86
324 868 62
354 925 72
324 438 75
438 541 199
305 616 71
305 671 173
438 490 142
324 354 103
305 671 128
490 868 153
438 734 153
554 671 178
541 554 87
354 541 23
438 671 165
305 324 50
324 616 165
438 734 186
616 868 213
305 925 69
490 734 219
616 868 215
868 925
40
400 663 160
400 663 120
386 400 83
400 493 73
189 400 201
493 1000 215
400 1000 161
400 493 219
386 400 139
493 1000 40
493 663 144
493 560 99
560 1000 31
663 1000 77
400 560 129
663 1000 148
663 1000 206
189 493 30
400 1000 51
400 1000 54
189 400 131
386 493 138
189 493 133
493 663 93
493 663 32
493 560 93
189 493 150
189 1000 89
663 1000 76
560 1000 105
560 663 96
386 400 191
189 1000 147
400 560 107
493 560 219
560 663 211
189 400 159
400 663 78
400 663 181
560 663 99
189 386
34
207 381 128
207 576 74
106 763 182
672 963 152
763 963 44
576 963 49
106 576 124
576 949 188
576 963 33
381 949 156
106 576 79
763 963 69
381 963 121
381 963 20
106 381 59
207 949 199
672 763 116
106 576 46
672 949 32
576 963 187
381 949 207
106 576 24
106 949 42
763 949 158
381 949 219
381 963 125
207 763 79
672 949 106
576 763 207
207 576 184
207 963 210
207 381 219
672 963 163
576 949 30
672 106
28
629 916 146
438 916 56
598 916 123
465 832 168
438 916 144
58 810 86
58 832 143
438 810 164
547 916 151
438 810 173
547 598 161
810 832 169
438 598 205
465 598 105
629 916 52
58 629 24
438 916 98
58 629 156
810 916 61
465 832 101
465 810 208
810 832 123
810 916 127
58 916 88
58 547 173
547 810 92
58 832 45
58 629 21
465 629
45
118 515 119
162 507 167
507 515 73
507 515 79
501 507 87
422 515 25
501 515 51
162 422 159
422 501 93
422 501 76
162 164 159
164 515 117
118 507 26
118 422 211
118 515 27
507 515 58
501 515 20
162 515 160
162 507 61
118 162 180
118 162 58
162 515 106
162 515 33
164 501 187
162 164 133
164 422 100
118 515 195
118 164 76
118 501 119
507 515 51
164 422 147
118 162 70
164 515 121
162 164 75
164 422 215
118 515 161
164 507 150
162 501 187
162 422 76
422 507 213
422 515 31
118 507 60
422 501 164
118 164 36
501 515 88
501 164
65
80 726 177
52 250 159
250 726 93
250 726 179
109 648 155
726 767 168
648 726 170
348 648 160
52 109 177
109 767 176
80 648 79
348 767 207
52 348 91
80 773 206
726 767 139
726 767 85
250 648 84
663 773 210
80 648 101
250 663 134
348 773 193
52 726 153
648 773 44
250 648 77
348 773 33
648 767 208
648 767 141
726 767 87
250 773 29
663 767 42
250 767 126
109 648 66
663 773 211
80 663 132
52 80 72
80 726 77
648 726 43
663 726 201
80 773 181
52 773 89
52 109 25
250 726 106
52 773 38
52 767 45
250 348 188
250 663 45
250 648 110
80 773 139
109 767 173
52 648 145
250 726 27
648 726 61
109 767 200
663 767 46
250 648 36
250 348 94
648 773 161
250 663 157
52 348 139
52 767 173
52 348 150
648 767 97
348 773 151
80 250 36
109 648 49
250 348
25
390 586 125
31 944 35
390 472 178
31 679 218
854 944 30
31 586 37
31 854 133
31 679 195
679 944 43
390 586 72
586 854 60
586 679 60
31 679 118
586 944 52
390 679 200
472 854 96
854 944 184
31 679 36
586 854 119
679 944 126
854 944 208
679 944 125
586 854 148
679 944 127
854 944 170
854 472
41
20 226 109
226 750 53
750 774 171
20 481 77
226 481 25
353 481 23
226 353 76
20 481 200
20 481 97
481 750 97
20 857 155
226 857 89
353 750 204
20 226 84
226 353 171
20 857 161
226 353 28
353 750 177
353 774 131
226 353 21
481 774 75
20 353 152
750 774 197
20 774 188
226 750 123
774 857 161
20 857 197
226 857 170
353 857 21
226 353 29
353 481 115
20 226 103
20 857 135
481 774 31
750 857 126
20 750 171
750 774 191
481 774 217
226 774 129
20 857 52
226 481 86
857 774
70
504 834 55
504 928 96
518 864 36
159 504 136
163 370 170
159 727 45
163 518 201
163 518 194
159 998 130
159 163 125
504 834 60
159 864 72
166 864 69
834 998 150
159 504 109
504 998 193
163 928 208
159 998 91
518 727 136
163 518 215
163 834 85
311 998 128
518 834 208
370 928 134
504 998 79
159 166 104
166 864 121
159 166 67
159 928 113
727 998 173
370 834 78
834 928 185
159 166 192
504 518 160
159 311 132
159 166 219
370 864 116
159 163 210
504 864 193
864 998 131
727 864 37
163 311 192
727 864 145
727 928 216
518 727 53
311 834 219
727 834 66
159 864 50
370 504 205
504 928 167
163 518 144
834 928 93
504 998 93
159 727 186
163 370 188
311 727 134
311 928 211
166 370 127
370 928 175
370 504 193
518 864 98
159 998 50
518 864 151
163 370 111
159 928 177
159 864 178
166 998 105
370 504 97
159 504 205
370 518 117
928 834
91
709 894 192
241 322 171
418 529 193
480 619 105
418 830 155
407 894 119
407 894 39
529 619 65
322 619 198
241 830 55
684 894 212
684 709 73
619 894 195
241 894 55
241 529 86
758 830 44
619 830 163
241 529 129
418 758 195
241 407 161
407 480 59
619 894 104
407 619 195
529 684 207
322 418 53
241 830 53
241 418 188
418 758 206
619 709 89
322 529 140
508 619 203
508 619 195
322 529 46
241 619 191
619 758 115
322 758 167
241 508 90
418 529 138
322 480 81
418 709 71
508 684 160
480 709 109
241 894 27
241 322 30
508 709 72
529 830 201
684 894 213
480 758 133
508 830 207
529 894 42
418 529 76
322 684 197
322 418 153
508 894 39
241 684 146
480 758 113
619 709 153
480 684 53
241 619 85
529 894 120
322 508 137
480 894 29
480 529 88
508 830 163
529 894 213
758 830 125
241 529 116
758 830 45
684 758 71
322 830 217
508 529 127
241 322 218
480 709 167
241 830 128
241 894 59
241 758 108
407 480 95
508 709 116
241 322 111
480 894 193
529 684 55
241 709 170
529 709 139
407 709 151
241 322 133
322 894 216
407 619 182
709 758 21
418 529 102
684 709 77
480 894 160
322 830
77
778 848 114
207 704 199
848 997 125
58 227 45
227 276 197
4 967 77
4 58 125
884 955 39
4 884 141
58 655 130
778 955 98
4 955 104
704 967 203
276 997 155
207 778 157
4 955 35
276 848 40
227 955 50
227 276 164
207 276 100
58 955 84
207 655 121
778 955 46
227 655 154
276 778 178
655 884 41
655 848 192
58 276 125
704 997 75
58 276 153
276 655 124
704 848 30
58 227 199
4 997 142
58 704 173
4 848 87
207 778 93
58 704 201
848 997 195
58 848 68
227 704 175
227 704 196
227 848 169
227 704 135
4 778 110
4 704 38
778 955 106
58 997 63
58 704 181
58 997 44
207 884 112
207 227 165
276 778 184
227 778 99
58 704 73
704 967 175
848 955 119
884 955 79
848 997 209
4 997 65
58 967 96
227 848 192
967 997 203
955 967 190
4 997 116
848 967 134
276 848 65
227 955 144
655 955 63
655 955 68
4 58 127
778 997 124
778 955 21
276 848 75
778 848 115
4 276 92
655 955 106
704 655
41
409 896 70
633 896 82
409 519 38
519 533 138
409 762 58
233 633 186
409 762 121
633 896 134
233 633 158
233 633 86
533 633 119
409 633 33
409 519 68
533 762 148
409 896 21
233 533 189
233 533 194
233 533 28
519 762 191
533 896 82
533 633 110
533 762 174
519 762 147
233 519 132
233 519 168
233 519 193
233 533 105
233 633 164
633 896 173
409 762 27
409 533 42
233 519 30
519 762 214
233 896 83
233 409 20
409 633 190
409 533 41
633 762 74
519 896 77
533 896 63
533 633 35
233 519
77
188 934 179
307 507 38
132 188 65
132 737 59
188 934 190
789 934 99
132 307 161
507 514 84
307 934 113
415 925 93
335 507 167
132 307 43
132 307 172
335 934 66
188 415 31
399 934 135
415 934 79
399 514 98
132 934 219
307 507 55
335 514 140
415 925 212
514 789 42
514 934 185
132 335 206
514 934 89
132 934 128
335 789 24
307 415 185
132 399 111
399 514 100
188 399 58
307 789 145
789 925 131
415 925 42
335 399 92
188 307 193
335 507 160
925 934 208
399 934 78
507 737 60
188 514 81
399 925 211
132 789 179
335 789 199
132 415 135
335 507 105
307 514 62
132 934 202
737 925 122
307 934 104
188 507 99
399 789 103
507 789 165
507 789 143
132 789 219
415 514 112
789 934 46
132 307 138
132 188 144
925 934 167
307 415 81
188 415 98
925 934 141
507 789 38
307 737 49
335 925 28
415 737 81
507 925 41
514 789 112
335 934 146
132 399 197
399 507 62
132 514 199
307 925 67
307 789 64
335 507 184
415 789
25
232 864 56
9 232 99
864 928 106
232 928 112
232 864 126
469 731 185
469 731 86
9 232 92
232 928 99
232 731 95
9 864 179
731 928 73
232 928 32
469 928 197
469 864 199
864 928 115
469 731 25
9 469 135
731 928 28
9 469 122
9 928 62
469 731 44
9 864 211
232 928 20
232 864 156
864 928
57
114 429 136
372 946 85
69 429 143
69 656 126
69 882 197
114 189 20
429 946 139
114 189 114
114 656 176
429 862 130
656 946 101
862 882 127
656 862 67
429 656 133
114 882 55
69 114 100
69 189 25
862 946 111
882 946 196
114 882 33
656 946 24
372 882 113
862 946 61
114 429 95
170 862 192
170 946 209
189 372 167
69 372 81
114 882 158
429 946 28
189 656 121
372 656 172
114 170 175
114 656 204
170 372 43
882 946 97
170 862 20
170 882 68
69 114 200
189 946 45
882 946 71
170 656 105
429 656 126
69 429 45
656 882 83
170 882 159
429 862 103
429 882 131
882 946 107
69 372 127
114 656 32
372 882 180
189 946 41
429 862 181
69 882 155
69 882 34
372 862 104
372 114
38
294 651 150
266 620 75
310 356 147
194 328 86
214 294 165
266 620 42
294 620 132
37 302 175
214 266 185
310 620 33
266 356 51
294 328 83
194 294 173
214 651 144
194 310 148
294 328 143
302 620 76
266 328 91
194 620 210
302 310 179
194 328 129
194 294 115
310 620 72
310 328 71
266 651 53
37 620 128
214 310 98
294 620 170
214 328 41
194 294 40
37 294 65
194 620 28
37 294 58
214 328 154
294 356 211
302 620 181
37 620 159
37 294 23
651 302
25
824 850 104
621 901 195
271 850 205
271 609 172
609 824 166
160 609 37
160 271 130
160 850 131
901 948 121
621 901 156
621 850 58
271 824 149
850 948 68
609 824 208
621 948 98
271 824 142
160 850 218
621 824 173
271 621 27
609 824 28
901 948 177
609 948 175
271 824 139
160 824 79
160 948 173
621 824
39
132 260 107
132 341 217
260 341 185
260 341 125
132 962 215
321 962 213
132 321 184
260 321 137
132 524 66
260 321 123
132 456 76
132 524 128
341 666 42
524 962 178
321 666 53
132 666 197
132 456 49
321 962 217
132 321 61
456 962 103
321 341 54
260 666 98
321 524 172
341 962 75
321 666 165
524 666 84
341 962 216
456 962 80
341 456 26
132 321 170
132 341 136
132 456 162
321 666 31
260 321 169
456 962 203
341 666 59
132 341 108
321 341 184
341 524 206
962 524
110
317 801 167
313 688 146
95 317 20
95 311 186
4 821 213
557 801 158
4 688 31
50 313 67
557 801 48
557 619 163
311 619 48
4 317 44
313 317 195
50 801 153
50 745 142
4 619 141
313 688 97
313 792 193
4 688 188
4 688 119
619 688 94
95 557 190
95 821 161
745 821 88
557 801 83
317 688 210
311 745 104
50 688 121
4 821 124
745 821 97
801 821 215
688 801 145
50 688 130
311 801 196
317 688 198
557 619 64
317 688 214
50 745 85
317 557 52
557 801 44
317 557 219
311 801 74
313 801 96
4 311 142
4 801 160
311 688 174
317 688 171
4 821 25
619 821 62
311 688 182
311 801 71
311 557 100
95 821 63
95 317 129
313 688 20
4 792 20
311 792 56
95 313 166
557 792 192
317 801 138
4 821 183
317 792 150
317 745 116
619 792 117
95 745 193
4 313 117
311 792 212
557 801 70
95 745 111
95 557 30
4 688 118
50 317 193
50 557 199
50 821 122
95 821 100
313 792 40
688 792 198
317 688 188
311 801 166
95 821 160
317 688 123
792 801 83
311 317 189
313 619 144
557 792 176
50 688 29
95 311 104
50 95 92
688 821 105
95 801 34
4 557 123
4 313 77
745 821 101
4 801 28
313 688 210
95 801 184
95 317 44
313 557 66
317 619 174
50 745 198
619 745 161
50 619 41
557 792 165
4 95 109
50 688 176
95 317 153
313 801 131
4 688 76
4 619 73
313 619 155
619 95
98
154 788 139
125 276 194
617 937 80
367 507 118
29 596 149
507 937 171
183 617 50
29 125 143
154 183 212
507 788 150
276 507 20
367 617 53
507 726 81
125 276 156
617 726 142
57 788 58
29 276 101
367 596 94
276 507 162
154 507 133
183 788 171
57 183 66
276 788 149
29 183 41
367 726 118
276 507 51
788 937 124
617 788 104
29 367 113
29 154 210
367 726 35
183 937 38
125 183 172
29 57 195
125 276 161
367 726 42
367 507 77
596 937 132
183 937 127
154 726 96
183 937 72
125 937 123
29 57 205
125 937 33
367 596 24
29 154 64
125 726 167
29 276 82
507 596 181
57 726 72
276 617 50
183 788 133
57 507 47
726 788 182
183 367 215
596 937 128
183 507 95
183 937 87
276 507 196
29 937 71
726 937 120
125 726 207
183 617 96
367 788 62
57 367 63
367 617 172
183 726 107
596 937 84
57 726 37
507 788 123
726 937 219
57 367 61
57 183 141
276 788 219
617 937 138
154 726 81
125 507 68
154 617 20
507 596 22
57 154 33
154 617 110
57 507 26
276 596 126
154 617 162
617 726 83
57 276 85
57 617 96
183 276 102
367 726 75
125 617 63
154 507 95
507 788 159
367 617 199
276 788 138
57 788 146
617 937 69
125 276 34
507 617 117
367 596
61
227 669 211
228 669 82
1 754 142
587 669 151
227 486 33
228 669 186
486 954 106
227 427 196
1 227 152
486 669 104
669 954 66
427 754 213
486 754 116
228 486 74
228 754 141
227 427 51
227 228 97
669 954 201
427 486 47
486 754 210
1 427 53
1 669 174
228 486 216
427 587 46
427 669 94
227 228 25
227 228 135
1 227 48
427 954 106
228 427 214
1 427 59
486 669 40
587 669 124
427 587 148
427 587 72
1 486 40
1 587 143
227 486 175
427 669 98
1 587 27
227 669 99
1 754 125
228 754 22
1 669 154
486 669 205
1 427 65
427 669 56
227 486 40
228 587 29
228 954 64
228 486 54
1 228 169
754 954 148
669 754 139
1 954 20
427 669 158
228 754 68
1 754 120
427 954 36
486 754 164
1 228 109
754 1
49
168 885 115
888 976 131
502 888 185
502 976 89
83 752 94
168 521 44
83 752 20
521 885 182
502 888 124
168 521 153
83 888 95
521 752 115
168 976 150
168 888 46
502 885 28
752 976 216
885 888 157
502 888 132
168 502 25
83 888 148
83 752 109
168 521 131
885 888 43
168 502 171
502 976 110
888 976 217
168 521 32
168 521 62
502 521 36
168 752 61
83 521 48
83 521 53
521 885 212
168 885 196
168 502 74
502 521 42
752 888 100
752 976 75
502 752 126
885 888 141
752 885 70
168 502 31
502 752 47
83 521 58
888 976 129
83 502 50
888 976 216
502 885 66
168 976 81
752 168
30
92 651 144
521 576 96
402 851 72
328 851 158
92 328 123
328 402 152
92 328 216
212 328 67
27 576 141
402 851 106
576 951 113
92 851 181
92 576 161
51 851 149
27 402 148
576 744 202
92 212 31
27 51 23
328 744 205
402 651 89
576 651 128
27 744 69
27 576 215
576 744 93
92 212 188
651 851 99
51 651 130
402 744 163
651 951 81
402 851 164
851 521
53
127 809 150
127 764 150
22 481 195
688 809 193
22 688 71
481 586 127
481 854 49
127 586 208
688 854 148
127 532 205
22 532 114
22 127 210
532 809 162
359 764 99
127 688 126
127 764 113
359 764 161
359 688 23
481 688 20
359 481 209
481 688 31
22 854 210
22 586 164
22 688 218
688 809 58
688 764 81
532 854 189
127 586 197
127 532 213
586 809 200
586 854 115
127 809 76
532 854 203
22 127 41
809 854 69
127 764 169
586 688 110
586 809 37
127 586 168
481 532 191
481 532 168
688 764 191
127 688 137
586 688 191
127 688 109
688 764 32
586 809 173
127 586 71
359 764 143
586 809 100
688 764 161
127 359 123
532 764 82
359 22
84
818 825 131
190 218 189
734 830 171
67 288 111
67 213 215
213 818 210
190 213 113
190 825 146
213 287 203
67 734 134
190 771 152
190 213 46
218 287 110
190 288 56
190 287 43
771 825 77
825 830 45
67 818 115
67 287 98
213 830 47
213 818 31
818 830 50
288 825 79
771 830 101
287 771 58
218 287 143
218 825 28
190 213 173
734 825 167
288 586 159
213 771 110
190 734 101
190 218 186
218 818 180
67 586 174
67 586 159
190 818 98
287 818 99
218 287 33
190 818 140
190 771 217
67 218 201
287 771 76
771 825 61
287 586 131
218 734 177
213 734 217
67 771 29
67 586 70
218 586 32
213 218 143
213 734 188
287 818 113
190 213 41
213 830 150
67 734 213
734 830 66
288 734 52
213 586 196
67 818 163
218 818 88
586 771 86
586 830 217
586 830 86
734 818 24
67 818 143
67 586 65
734 825 162
213 734 44
288 586 189
190 818 134
287 830 121
734 825 174
771 818 80
213 830 154
67 288 89
586 771 186
218 287 216
288 586 23
218 287 34
818 825 203
190 734 127
771 818 201
213 218 129
818 67
40
270 618 206
270 513 154
150 289 200
150 692 134
336 692 111
360 892 125
289 892 100
150 270 48
150 513 40
289 360 131
150 289 177
289 618 151
270 513 139
289 513 122
360 824 20
336 824 204
289 824 32
289 692 79
513 892 92
618 824 100
150 270 81
270 360 95
289 618 185
513 824 31
150 618 156
150 692 166
692 892 28
270 513 116
513 692 187
336 692 99
824 892 198
289 892 109
824 892 132
513 618 137
360 892 45
270 513 30
336 618 96
270 892 75
289 618 166
618 892 211
892 513
37
47 68 92
47 68 86
335 975 172
67 975 201
47 335 81
67 851 30
67 975 156
335 975 68
67 851 125
47 67 193
67 68 145
68 851 70
67 335 173
68 975 68
335 851 95
47 975 129
68 851 30
67 975 161
67 68 96
335 975 72
67 68 196
67 851 156
47 335 32
67 68 91
335 851 197
47 335 87
47 335 175
47 68 102
67 68 109
47 335 71
47 67 184
68 851 123
335 851 121
67 975 43
47 68 53
47 68 36
68 975 143
67 851
54
671 965 149
509 959 137
137 576 207
36 576 136
312 508 98
137 509 72
508 965 52
671 965 117
576 965 152
312 576 124
137 509 121
36 137 127
36 312 194
106 508 199
137 671 30
508 965 175
312 576 106
137 959 213
106 508 209
508 671 63
312 576 201
106 137 132
36 965 161
36 576 91
508 576 209
312 576 183
137 671 143
36 312 207
312 508 88
508 671 176
106 959 69
36 508 188
106 509 121
508 671 117
312 509 103
36 312 108
508 671 74
508 576 175
576 671 194
36 509 176
576 671 46
36 576 111
137 959 179
36 508 92
312 965 75
509 965 86
36 576 163
106 312 83
508 965 107
312 959 66
137 965 26
36 671 138
312 509 81
312 965 182
671 106
36
194 619 108
199 619 40
194 199 159
194 988 94
619 964 124
199 988 129
148 194 36
619 964 22
199 988 35
964 988 53
194 619 165
199 619 154
194 775 170
199 619 209
619 775 83
148 988 105
199 988 146
775 988 210
775 964 63
148 988 37
148 194 118
775 988 86
199 775 134
194 988 51
194 964 102
619 775 135
148 988 23
199 619 213
148 194 157
148 619 135
199 964 39
194 199 145
199 988 180
619 964 210
194 199 115
194 775 192
148 194
59
92 401 40
49 329 193
160 651 78
401 989 133
49 92 109
487 777 151
329 651 159
329 777 122
487 651 115
329 487 76
953 965 167
92 487 94
487 989 89
49 953 60
777 989 125
329 965 152
160 777 121
777 965 217
49 92 200
777 965 33
256 401 66
49 965 36
329 989 89
329 401 115
651 965 114
160 401 39
401 989 155
487 989 121
329 965 102
329 487 136
256 777 105
487 989 151
329 965 46
160 487 154
329 651 137
49 651 106
651 989 212
49 965 101
487 965 170
92 965 35
160 777 219
49 965 42
49 160 93
256 953 204
160 651 219
49 256 118
92 777 99
401 777 138
49 965 25
965 989 131
953 965 179
49 777 38
401 989 202
160 256 98
92 401 45
651 953 196
256 487 37
160 401 194
329 965 137
965 777
37
54 255 155
127 255 163
84 376 61
495 865 89
13 719 35
84 495 91
5 127 210
178 719 56
127 757 121
495 719 123
127 178 79
5 13 127
495 757 197
178 495 193
54 495 149
54 178 133
255 817 160
5 84 81
54 817 119
5 54 219
376 817 198
255 495 179
127 376 56
54 865 92
5 255 192
13 757 173
127 495 198
5 865 90
376 865 178
13 127 147
817 865 136
54 719 45
178 255 157
376 865 171
13 495 91
84 178 188
13 757 74
757 376
48
46 823 117
155 259 197
46 782 167
155 782 46
279 831 56
259 831 119
46 782 190
195 831 118
155 782 50
195 831 66
155 831 58
46 195 104
155 462 115
155 782 143
195 279 49
195 279 142
195 797 172
797 823 20
195 259 134
462 823 70
155 462 100
195 279 144
46 462 194
259 797 56
797 831 208
259 462 95
259 831 145
155 797 98
797 831 121
46 259 117
823 831 212
155 259 165
155 279 169
46 462 70
279 797 87
279 831 28
279 782 172
46 155 121
782 831 202
155 259 104
279 782 214
279 797 151
259 782 49
195 462 111
46 279 36
279 823 100
279 797 180
462 831 141
797 195
44
243 474 139
474 674 134
532 674 166
243 654 48
340 474 144
243 340 144
532 654 46
375 674 102
340 532 59
340 532 34
340 654 153
375 654 164
474 532 145
474 654 86
375 674 80
243 340 219
375 474 214
340 532 189
243 674 209
474 532 48
243 340 49
375 532 152
375 654 32
243 375 168
340 654 207
474 654 76
375 654 191
243 474 160
474 654 30
654 674 98
340 375 141
340 532 20
243 654 204
375 532 203
243 375 147
243 340 96
243 654 115
340 654 208
375 654 128
243 532 96
243 532 153
375 532 94
532 654 181
243 474 107
340 474
67
679 755 133
113 356 84
654 755 199
8 356 131
83 532 212
224 655 104
113 224 203
83 532 170
532 755 209
356 705 47
532 705 182
83 113 160
113 755 56
654 679 86
755 872 212
8 872 39
83 679 93
532 705 22
113 224 145
872 920 129
8 872 160
679 705 217
113 755 171
224 755 127
654 872 101
356 655 215
705 755 191
8 356 136
8 532 57
679 872 150
356 655 88
8 356 52
224 654 27
679 920 68
655 872 43
113 705 101
755 920 46
83 655 21
356 679 100
356 679 137
224 755 40
113 755 197
8 532 215
113 356 192
654 679 81
113 920 179
113 224 188
8 113 69
356 920 41
532 654 97
655 755 202
8 679 124
8 654 56
224 679 150
655 872 185
654 872 157
532 872 119
83 679 80
83 705 151
356 679 135
679 705 177
83 356 172
224 920 76
8 679 212
83 113 84
113 872 115
83 920 165
679 920
104
256 984 180
717 984 23
445 464 153
445 549 50
339 464 126
464 862 81
60 339 95
464 700 136
445 547 55
48 256 192
60 445 130
290 464 119
60 862 190
256 464 154
48 339 93
290 339 175
290 339 214
60 862 30
464 700 131
48 256 108
60 700 102
339 717 213
339 700 91
339 547 101
48 60 88
290 339 85
256 984 193
339 464 195
464 547 95
339 547 123
48 464 74
549 862 114
60 862 209
339 862 195
290 445 137
256 717 189
256 717 190
256 862 203
48 547 81
547 984 45
48 256 205
445 700 108
48 339 181
290 339 179
339 862 142
256 984 84
48 717 55
290 445 86
445 984 41
48 290 52
48 60 186
464 700 161
60 256 97
60 547 90
256 717 30
549 984 209
60 549 74
445 700 200
256 445 57
256 717 211
549 717 92
256 700 115
339 445 217
290 339 160
290 717 101
290 700 167
60 256 212
464 717 38
48 717 101
549 984 114
60 547 218
339 717 44
48 984 62
60 549 87
256 290 138
256 717 100
256 547 67
60 700 194
48 984 110
339 862 165
547 717 47
60 862 80
48 464 153
445 984 98
60 549 114
290 862 210
700 984 82
256 717 83
48 549 215
464 547 84
445 984 109
256 549 146
290 445 198
547 717 27
549 700 114
549 984 162
256 290 57
48 862 193
717 984 127
464 862 124
717 984 144
339 445 84
60 464 94
547 700 73
547 48
24
506 822 179
206 750 137
506 731 139
586 822 30
586 789 94
586 789 202
731 822 25
586 789 35
586 731 75
586 822 134
426 789 45
426 506 184
206 750 140
206 789 174
206 789 101
586 822 150
426 789 215
750 789 125
426 789 21
586 789 119
506 750 55
426 731 142
206 731 200
206 822 199
731 426
26
262 305 161
649 982 116
262 742 193
461 649 155
461 982 43
649 982 186
742 982 26
649 982 122
305 742 127
305 461 169
262 982 150
305 461 161
461 940 101
305 982 158
262 461 47
262 305 37
742 982 179
649 742 176
742 940 215
649 742 114
305 742 105
461 742 109
262 649 188
649 940 168
649 982 151
305 982 93
262 461
29
241 789 114
321 731 176
321 406 123
321 406 142
789 999 45
728 999 72
241 999 110
241 731 40
728 999 28
789 920 187
241 731 69
321 920 38
241 789 163
406 731 143
241 321 88
321 920 65
321 731 114
731 789 23
731 789 155
241 920 65
241 728 69
789 999 177
789 920 86
789 999 169
789 999 164
321 920 101
731 789 95
321 406 57
920 999 100
321 406
25
498 979 69
108 524 185
524 545 116
108 545 76
73 823 51
45 979 26
45 524 94
108 545 105
54 73 28
45 823 20
54 979 46
45 54 128
45 498 63
823 979 90
54 423 32
54 423 30
73 979 183
45 823 187
73 108 219
73 979 119
108 498 160
45 423 67
524 823 171
45 73 126
545 979 67
45 54
40
81 290 124
290 814 212
290 557 219
413 814 33
81 94 183
290 413 34
413 557 28
290 507 183
94 290 66
94 507 60
438 557 20
94 782 67
383 782 151
413 814 156
413 557 210
81 557 101
39 814 158
39 507 159
507 557 98
290 438 162
39 507 70
507 814 64
383 557 65
94 557 211
290 413 69
557 814 117
94 290 146
94 782 23
438 557 153
39 290 149
39 814 212
438 782 39
94 814 139
413 438 93
81 413 184
383 438 29
383 438 141
81 814 183
290 814 193
782 814 131
814 39
32
41 655 205
538 629 195
41 655 42
558 915 48
538 701 219
41 655 146
41 68 100
538 701 124
538 701 98
701 915 50
558 701 123
41 558 108
558 915 44
629 701 69
41 538 176
538 655 29
629 701 163
538 558 34
41 915 23
538 655 174
701 915 155
558 655 119
538 915 96
538 558 115
68 701 207
41 68 140
68 538 124
558 629 184
538 629 189
41 629 27
538 701 94
629 701 44
41 655
55
426 869 168
273 933 202
287 355 126
282 426 148
90 933 59
282 426 194
287 933 178
355 933 132
90 282 198
273 282 192
273 933 58
90 426 141
287 869 85
355 933 98
287 869 200
282 426 121
273 282 161
90 273 185
355 933 28
273 426 201
90 869 184
355 933 204
355 933 133
90 869 61
355 933 215
355 869 145
287 933 132
90 273 75
869 933 59
426 933 196
287 426 175
273 355 98
90 287 148
90 287 91
273 426 213
287 869 216
273 933 164
273 426 31
273 869 170
287 933 186
355 933 173
90 273 38
273 869 189
282 933 172
273 933 21
90 282 57
426 869 219
90 933 72
869 933 72
282 426 106
355 426 201
90 933 157
355 869 26
282 933 76
287 426 192
426 287
23
256 372 102
306 632 72
256 306 60
256 372 53
85 256 32
46 256 180
85 632 29
306 372 212
85 632 160
46 256 192
46 306 189
46 85 140
306 372 201
46 632 163
85 632 166
46 372 143
46 256 86
85 256 21
85 632 167
256 306 65
46 256 213
46 306 181
372 632 65
372 85
62
613 795 84
915 955 190
365 647 170
246 613 111
305 409 143
487 915 74
487 915 37
409 955 77
795 955 214
305 742 133
487 795 193
16 955 118
305 915 125
305 647 33
16 742 36
487 647 41
12 409 202
487 795 93
613 955 68
16 795 22
305 795 211
12 365 24
795 915 123
305 647 23
16 647 103
409 647 60
12 365 47
16 647 96
12 613 174
12 305 95
365 613 215
305 742 125
246 742 88
742 955 80
742 915 141
365 795 141
16 305 192
365 795 147
246 365 118
742 955 114
742 915 34
246 955 106
16 613 28
365 613 53
305 487 193
12 955 108
613 742 118
16 487 83
613 742 193
246 409 117
12 409 178
12 647 124
647 742 62
409 915 207
12 915 201
305 795 98
16 409 146
487 955 30
12 915 99
365 647 210
246 487 105
742 795 40
365 305
32
136 351 90
290 479 40
200 479 168
576 644 179
351 836 35
133 136 46
351 836 85
479 646 30
290 644 91
576 644 67
200 646 164
290 628 108
136 479 141
351 646 105
133 389 105
133 479 146
136 290 206
389 644 165
259 290 215
133 646 172
576 628 33
136 389 170
576 628 154
290 351 206
290 351 43
351 644 161
389 646 125
351 576 25
351 576 62
200 644 169
133 259 200
136 200 71
628 836
39
384 401 42
384 573 130
95 575 151
401 575 201
401 733 158
384 575 206
24 384 36
24 804 96
24 575 129
573 804 62
384 401 37
573 575 171
401 733 187
575 733 169
573 575 141
24 401 55
95 384 187
95 733 151
384 573 156
95 384 122
401 733 22
24 95 134
573 733 158
401 733 161
384 573 133
575 733 73
95 733 114
575 804 216
384 401 67
24 573 183
95 733 130
573 575 48
575 804 219
401 573 146
573 733 191
24 95 35
384 733 166
573 733 128
384 401 144
401 24
34
66 448 95
448 697 69
238 658 33
66 238 219
157 697 66
433 778 145
433 677 111
66 658 183
157 677 38
238 677 186
207 658 141
207 677 128
157 658 68
677 697 149
433 649 50
66 778 81
157 448 205
448 697 112
649 677 146
207 433 207
207 778 195
207 778 165
157 448 116
238 448 174
66 677 58
448 649 132
207 658 110
157 448 56
448 677 31
697 778 32
448 658 145
649 677 112
157 658 179
649 778 125
433 778
66
156 192 70
616 937 79
192 993 39
73 993 67
418 993 117
73 993 66
73 434 199
608 993 82
156 993 134
608 993 134
73 901 56
434 993 51
434 993 30
73 901 93
156 192 90
73 608 77
616 901 133
156 418 209
434 616 24
192 608 193
192 616 207
418 616 182
156 434 160
418 616 89
608 616 110
418 901 56
73 192 219
616 937 103
73 418 189
459 608 76
73 192 143
608 901 94
901 937 186
459 901 167
434 608 150
434 608 50
192 434 27
608 616 76
73 937 21
608 616 156
156 434 151
73 459 127
73 434 168
418 616 197
73 418 101
434 459 147
616 901 38
418 901 121
434 993 161
901 937 76
73 993 125
459 901 201
434 608 120
192 459 83
418 993 55
608 993 172
459 993 104
901 993 145
418 901 212
901 937 40
156 434 54
156 993 136
156 993 53
418 434 101
192 418 168
418 608 164
993 901
25
57 196 187
48 281 154
57 799 175
57 385 177
281 400 216
196 301 126
196 400 146
48 661 157
400 799 138
57 661 100
250 400 190
281 404 49
48 301 151
57 661 215
57 250 166
400 404 43
301 385 43
57 400 84
281 400 20
48 57 51
404 661 141
48 393 37
196 661 161
48 281 35
385 404 174
400 281
69
115 306 70
306 751 185
115 751 121
306 877 174
115 623 45
751 877 158
623 877 139
306 623 68
586 741 99
115 877 81
623 751 79
595 623 48
378 586 205
378 877 132
877 886 58
377 886 86
623 886 93
378 595 64
215 595 171
595 623 41
595 886 72
378 751 40
595 741 131
595 877 69
306 377 127
586 741 203
751 886 54
306 741 76
586 623 37
215 877 126
377 751 209
377 877 97
115 751 129
115 306 188
377 378 126
586 886 177
215 306 59
115 751 190
751 886 39
215 586 24
623 877 80
377 595 160
377 877 30
306 377 101
306 877 54
378 623 137
623 886 179
623 886 185
377 877 122
378 595 88
215 751 184
115 877 187
115 377 65
586 751 96
623 886 114
306 886 78
595 751 62
215 306 100
306 886 94
377 886 41
377 595 134
378 623 112
377 877 26
623 741 123
115 378 36
215 595 197
377 586 135
595 751 158
115 751 176
115 741
35
749 917 188
315 510 108
179 193 105
193 821 160
804 821 87
749 821 193
315 510 92
510 804 217
510 749 51
127 917 75
193 821 120
193 749 73
543 990 217
821 990 56
543 749 204
127 475 90
543 821 48
179 510 173
134 917 122
179 804 151
543 990 179
127 804 64
127 193 23
127 475 114
315 804 71
127 475 147
315 821 140
315 475 175
315 804 181
821 917 168
749 804 104
134 804 122
193 749 71
127 475 214
179 749 56
804 917
39
492 569 26
358 492 93
358 406 67
190 358 87
406 569 100
492 587 92
190 358 168
358 569 31
190 569 77
358 569 127
379 492 104
406 587 192
358 492 106
379 569 186
379 492 171
190 587 83
492 569 124
190 587 170
358 379 153
492 587 25
379 406 42
190 492 202
190 379 47
190 379 167
379 569 90
190 406 95
190 492 182
379 587 77
379 406 123
379 569 54
358 569 140
190 492 139
190 569 31
569 587 191
358 492 147
379 406 113
379 587 210
492 587 44
492 587 160
358 587
52
80 299 121
80 299 35
931 933 106
80 637 91
158 933 64
637 939 59
931 933 98
158 939 60
931 933 74
291 933 52
69 724 193
933 939 204
291 931 50
158 637 32
637 933 169
158 939 51
931 933 198
299 931 30
299 933 140
158 299 71
80 158 210
724 939 148
69 933 34
291 939 207
299 933 143
69 158 218
931 933 194
69 931 197
158 939 108
69 158 46
80 158 216
299 637 89
80 724 23
299 724 206
69 939 155
158 931 209
80 931 174
80 299 193
12 291 204
158 931 144
12 637 58
158 939 53
80 724 117
12 637 183
724 939 97
12 931 145
158 724 110
158 299 101
12 299 88
12 299 219
69 724 211
80 299 139
724 69
40
42 901 84
42 901 59
177 269 135
42 787 174
177 787 78
269 580 21
580 862 60
172 394 48
177 862 175
214 394 39
269 394 150
269 394 176
220 960 115
214 787 35
394 787 146
177 787 36
42 787 166
787 901 129
177 214 44
42 394 186
172 214 203
42 901 200
269 960 140
214 862 131
269 960 73
862 960 144
177 787 182
172 214 27
42 220 173
394 787 39
214 960 214
787 862 72
172 269 131
214 269 156
172 269 26
172 960 206
214 862 37
172 960 76
177 787 195
269 787 87
787 269
71
195 575 41
845 928 100
195 440 40
73 824 129
3 824 170
440 928 195
131 928 125
131 824 96
443 575 169
73 440 20
443 575 111
824 928 130
707 845 184
3 440 210
440 845 36
824 928 214
195 707 66
3 707 131
794 845 47
3 707 160
73 195 159
195 440 34
707 794 32
824 928 124
845 928 142
195 928 180
440 824 125
794 928 70
794 928 158
73 575 204
73 707 211
707 928 88
443 824 27
73 707 144
440 794 38
73 845 172
575 824 147
575 845 169
3 443 73
443 575 138
131 195 210
195 928 38
3 824 160
440 443 158
443 824 43
73 928 214
131 928 117
73 794 119
707 928 201
3 824 200
73 575 23
195 707 43
575 794 191
440 794 190
131 794 130
575 707 53
575 928 85
3 707 138
575 794 90
131 845 174
73 195 91
131 845 178
3 845 79
3 707 215
73 928 29
73 440 149
707 794 93
794 845 83
443 928 154
131 440 189
3 131 74
3 131
36
87 344 74
87 882 46
280 468 100
280 882 70
344 468 191
87 113 180
113 468 199
280 468 202
113 344 129
87 113 112
280 468 195
113 468 108
87 113 81
87 882 189
113 882 81
87 280 197
113 280 190
87 882 196
113 280 145
344 468 208
87 113 179
113 344 50
87 882 127
468 882 159
280 468 144
87 344 158
280 468 82
280 468 23
344 882 146
113 280 201
113 344 127
113 468 54
113 882 121
468 882 97
113 280 48
344 882 113
280 468
65
100 762 163
491 762 146
100 313 189
198 400 42
198 325 162
400 762 100
198 757 138
198 280 25
325 762 117
198 757 163
198 433 166
313 325 155
100 762 216
757 762 212
146 762 36
146 289 111
280 433 140
400 491 196
280 757 135
198 757 217
198 757 111
146 289 151
280 433 136
100 289 142
325 400 46
280 757 151
146 674 29
198 289 93
280 325 64
433 762 188
289 433 137
198 757 32
289 762 57
289 757 25
289 757 81
289 762 212
325 757 208
100 325 79
433 491 186
146 280 190
313 400 131
400 762 137
198 313 117
325 400 86
280 313 169
280 762 178
674 762 123
198 762 94
100 198 113
491 762 79
491 757 119
433 757 103
198 433 98
400 674 131
146 325 199
100 762 91
433 674 172
325 433 56
146 674 212
198 313 55
400 674 91
400 757 201
280 762 22
146 491 185
400 491 45
100 433
30
112 368 143
410 504 152
112 704 143
90 704 180
368 410 182
410 504 190
112 955 160
90 704 47
368 410 105
704 955 165
90 955 103
504 704 92
90 112 44
90 368 215
504 955 171
90 368 23
90 704 120
368 955 106
704 955 62
90 704 197
504 704 160
90 704 45
90 112 141
368 955 24
368 955 200
704 955 179
112 704 171
112 368 146
368 410 118
112 368 191
504 410
51
107 763 34
796 958 114
59 550 198
763 796 42
763 794 101
550 763 100
796 971 183
550 958 154
107 971 118
107 763 92
59 958 51
550 958 207
712 958 202
550 763 211
712 958 186
796 971 103
763 958 215
763 796 112
550 712 80
550 712 39
712 794 151
59 971 60
796 971 24
107 958 208
712 794 40
712 971 101
59 763 112
550 794 148
550 958 75
794 796 190
107 958 142
794 958 162
107 763 39
794 796 193
796 958 96
763 958 118
59 107 184
59 550 136
796 971 217
794 958 107
107 712 141
59 550 147
107 763 67
763 958 119
59 794 82
763 794 62
796 958 81
763 794 53
794 796 82
796 971 218
550 796 208
971 794
71
311 694 211
311 789 178
311 789 83
349 767 206
385 602 100
233 349 189
22 767 79
311 694 93
22 953 75
105 602 23
349 602 159
602 953 211
171 311 121
171 602 59
233 953 81
385 767 185
171 789 27
385 789 22
171 233 62
233 767 178
233 385 115
694 789 153
311 385 86
22 789 103
22 171 23
638 694 54
22 233 195
105 638 70
22 385 184
233 767 104
22 953 104
233 638 71
385 602 113
349 638 20
349 953 206
311 789 149
22 694 167
767 953 155
349 694 199
105 767 54
385 953 173
105 602 179
349 638 108
311 602 185
385 602 130
105 789 144
694 767 99
638 789 150
385 694 123
105 233 94
171 767 143
22 311 218
22 767 49
767 953 136
638 694 173
105 602 108
22 602 49
22 602 162
105 171 72
385 789 56
349 694 36
22 953 218
311 349 187
602 953 157
602 789 88
311 602 27
22 349 144
694 953 189
638 953 74
311 789 206
602 953 152
311 22
57
275 799 39
799 957 157
19 241 29
631 947 81
19 698 173
241 631 139
7 947 175
631 799 96
275 947 151
698 819 153
241 799 128
306 799 191
7 819 188
741 799 120
275 799 41
741 947 123
19 957 41
19 947 63
19 741 146
19 819 113
19 267 80
275 631 52
698 947 61
799 819 43
741 957 72
19 799 41
275 698 215
7 698 180
306 698 111
306 947 215
306 741 196
19 698 71
7 631 102
241 819 36
306 631 52
267 306 160
241 741 21
741 799 50
267 741 25
631 957 161
241 957 22
275 947 167
267 275 72
267 947 208
19 698 67
19 306 172
7 241 130
7 957 164
275 741 167
19 819 54
275 698 114
306 947 44
947 957 197
306 698 72
631 799 83
275 947 90
7 698 20
631 275
20
473 927 163
303 927 180
303 922 159
473 927 143
922 990 129
303 990 175
240 767 105
922 990 92
303 927 163
922 990 121
303 990 24
303 990 80
767 922 132
240 303 172
240 990 199
240 473 173
473 767 52
303 922 138
303 990 76
767 927 156
990 303
62
466 948 183
20 701 81
70 643 91
4 70 187
643 850 70
4 22 143
70 466 165
22 53 190
22 364 22
4 70 199
53 643 188
22 70 71
20 53 195
22 850 68
643 948 116
4 364 207
4 643 160
4 643 156
53 643 169
22 948 148
4 466 73
22 466 150
466 850 133
4 948 198
20 948 208
364 701 53
4 850 45
70 643 132
53 70 142
364 948 218
4 850 132
364 850 82
20 643 64
53 948 123
22 466 116
643 701 128
4 701 152
53 850 42
22 53 133
53 364 109
4 22 116
4 850 43
4 20 144
701 850 177
466 643 82
643 850 67
364 948 84
701 850 167
4 22 203
53 364 78
4 948 205
20 70 155
53 701 201
850 948 191
70 364 99
20 643 171
22 850 194
364 701 136
20 70 146
70 850 114
364 948 51
70 701 85
364 701
25
314 926 94
776 926 207
314 527 128
346 926 214
204 346 123
204 527 102
204 314 69
204 314 180
353 926 53
353 527 147
527 776 63
353 926 175
314 776 83
527 776 83
204 776 100
204 353 131
353 527 99
346 776 58
353 926 48
204 346 69
314 346 60
314 353 123
314 353 149
204 926 135
353 527 92
353 314
70
55 391 41
55 627 24
55 391 149
391 682 210
278 401 190
471 627 64
627 728 44
401 627 64
252 278 178
55 391 196
471 752 102
252 977 22
401 471 81
682 977 126
401 977 29
278 627 40
682 728 143
252 401 78
55 752 158
252 682 21
391 476 191
252 476 102
252 682 135
401 752 147
728 977 191
401 682 155
252 682 121
401 977 204
391 476 21
627 752 187
391 977 128
401 471 91
55 471 24
627 728 176
55 278 102
278 401 79
55 391 157
728 752 129
682 752 56
278 391 151
278 391 193
401 977 127
471 752 142
252 728 126
55 391 50
682 728 64
391 401 193
391 627 111
627 682 140
252 728 146
728 977 68
55 391 175
682 977 24
278 752 127
471 728 119
252 977 174
391 728 133
55 728 214
471 728 104
252 977 200
682 728 112
252 278 176
252 682 52
252 627 93
55 682 68
476 728 174
476 682 167
55 682 203
55 278 100
476 752 94
728 471
309
28 968 106
28 657 59
592 945 161
592 945 80
481 578 150
481 997 31
3 409 123
3 968 131
3 592 145
227 606 179
359 589 66
968 997 120
606 657 43
227 606 54
481 592 23
800 927 178
461 968 139
248 800 176
409 945 62
409 968 43
800 968 31
175 227 112
592 657 63
3 578 85
461 578 202
227 409 141
175 481 133
945 997 84
461 927 219
28 359 89
28 800 145
409 707 153
945 997 202
3 997 129
383 997 212
589 707 112
3 707 161
409 657 77
370 461 69
461 578 126
592 945 48
359 383 205
383 927 112
175 968 219
461 481 218
28 461 96
28 359 119
28 945 49
578 657 174
28 221 147
370 589 143
578 592 180
359 558 201
370 927 209
3 248 21
578 945 142
409 578 54
481 606 139
481 945 111
589 927 163
3 409 76
461 657 68
558 657 94
409 707 79
383 409 194
800 927 83
175 578 171
370 578 202
3 481 26
221 927 198
578 945 96
3 370 71
221 227 154
481 657 110
359 578 189
589 927 85
592 707 33
28 927 191
28 927 66
592 997 67
589 606 118
461 589 78
592 968 121
578 707 172
359 383 43
657 707 20
28 359 67
481 800 204
383 927 130
461 657 93
592 927 41
227 657 60
248 707 129
578 707 87
592 968 56
3 606 27
221 707 174
227 383 163
28 558 93
221 707 41
461 657 32
175 592 190
409 592 62
28 227 98
370 409 215
370 578 63
28 592 173
370 409 179
592 968 204
248 383 82
589 945 193
359 578 32
3 248 109
248 558 118
945 997 161
28 606 102
370 383 205
359 800 104
221 945 92
227 578 41
461 927 131
409 997 113
227 589 165
221 657 160
370 409 88
409 558 203
248 800 33
481 997 171
481 945 103
248 592 105
175 707 194
370 409 110
248 927 49
409 589 152
3 558 42
409 606 202
227 558 91
606 997 88
248 370 54
370 383 203
221 606 102
359 927 61
221 800 59
370 481 148
558 945 86
28 461 211
589 800 146
359 589 209
248 359 170
370 558 177
28 558 63
175 589 150
359 927 39
370 945 181
359 657 69
227 707 175
248 558 217
481 997 77
558 968 138
383 461 161
707 968 25
359 606 100
3 409 181
481 592 56
248 461 73
227 558 100
383 481 132
370 927 162
221 589 166
461 927 98
558 589 97
248 578 186
461 481 212
28 370 201
589 968 34
3 175 85
248 592 215
707 927 60
558 968 169
227 997 204
578 707 199
28 927 90
359 606 89
248 461 160
370 968 97
383 409 95
359 558 199
227 558 54
28 383 116
707 945 112
28 945 169
481 589 43
481 707 71
370 927 76
248 800 136
945 968 125
370 589 55
592 968 85
248 461 89
175 221 56
359 592 93
589 800 44
359 657 66
359 558 147
578 606 139
359 997 111
3 409 116
461 997 33
409 997 145
558 927 187
461 606 114
409 968 201
589 927 190
3 968 203
221 359 53
248 383 28
227 370 55
28 927 181
28 409 209
707 997 85
592 927 139
221 558 218
175 370 158
606 945 201
558 968 61
558 657 186
370 800 49
227 800 75
409 968 103
227 657 58
481 558 210
248 707 101
221 606 64
248 558 120
409 657 103
409 927 82
3 370 208
383 927 197
227 997 142
3 28 42
589 606 127
606 657 88
592 657 136
227 945 24
248 606 52
578 945 205
481 945 27
248 707 155
3 370 179
481 968 104
409 968 178
461 927 45
28 359 50
227 968 109
945 968 204
383 657 128
175 221 190
3 370 91
707 800 182
28 592 214
707 945 101
227 997 51
558 578 158
359 592 192
558 997 36
175 606 179
221 657 212
175 383 210
657 945 188
359 383 40
175 968 195
481 968 20
227 409 154
800 997 188
578 800 174
221 227 115
227 707 35
578 707 32
227 997 91
175 409 76
558 800 137
606 927 116
28 370 156
558 606 20
461 657 36
383 927 127
28 800 109
657 800 31
461 606 93
28 945 33
221 227 166
227 997 148
578 800 217
359 592 202
227 592 38
221 383 204
359 578 162
175 370 145
606 707 75
359 945 38
175 481 23
589 945 28
3 28 157
248 461 45
558 657 67
558 800 82
383 558 209
221 359 78
383 461 119
221 383
200
331 416 66
274 331 36
331 504 192
227 468 23
450 884 164
643 885 81
70 451 70
283 921 41
24 285 63
274 283 27
274 884 214
172 504 189
227 283 189
416 451 22
296 416 136
172 468 59
252 498 61
416 504 83
296 416 144
283 884 136
504 814 104
450 643 93
172 227 95
296 416 154
416 498 59
70 921 32
450 814 98
468 884 216
24 450 207
283 331 169
252 274 171
416 468 116
331 416 202
24 70 160
172 331 85
451 565 90
227 885 185
172 451 37
172 468 172
274 450 97
451 814 43
252 285 83
285 565 83
416 921 177
331 814 61
331 450 189
416 885 137
283 643 129
70 252 154
24 416 103
565 884 110
504 814 92
283 921 140
296 504 63
172 285 186
451 885 101
70 283 45
565 884 102
24 296 175
172 565 67
451 643 27
24 884 52
24 565 24
24 296 119
498 643 111
70 227 116
172 285 161
70 884 183
172 450 67
24 885 193
283 885 35
24 172 122
24 450 73
274 296 203
285 498 217
70 921 39
252 331 30
172 416 178
451 884 180
416 814 139
274 416 216
227 884 148
172 885 206
70 814 177
331 416 71
227 643 105
274 283 95
504 885 144
274 498 98
252 884 165
285 814 210
814 885 133
283 296 101
252 468 25
416 884 57
331 921 137
252 416 82
24 296 87
172 331 196
565 921 64
172 285 21
468 504 54
274 450 116
468 921 149
252 814 92
274 565 140
285 498 71
450 498 213
468 643 42
227 451 138
331 921 164
172 450 81
252 468 146
172 885 204
814 921 93
296 504 115
227 252 108
283 885 32
172 498 65
227 468 109
504 884 192
285 504 126
24 451 132
252 285 33
331 643 125
172 884 201
468 814 71
285 450 190
227 451 38
468 504 55
450 921 58
172 450 160
450 643 90
172 565 115
252 296 211
283 814 134
504 643 40
283 643 36
172 416 103
283 504 173
227 504 22
285 814 56
172 274 169
468 504 35
227 296 43
285 468 94
252 921 145
565 921 88
416 814 45
274 450 152
252 565 103
296 643 191
643 921 150
24 296 163
331 884 62
331 416 69
172 498 28
331 468 41
283 285 135
416 885 89
331 504 165
24 450 186
252 274 28
172 504 21
498 643 100
172 885 163
814 921 47
172 565 86
451 643 39
172 643 204
24 252 208
274 565 31
227 296 121
296 814 72
814 885 62
24 814 196
172 814 22
70 283 132
643 921 47
504 885 130
70 643 154
172 884 185
450 504 115
24 451 129
884 921 107
451 814 199
468 565 219
227 285 147
24 252 160
285 643 57
283 450 58
331 814 104
468 498 171
884 921 64
285 468 24
450 451 83
70 283 83
70 498 93
70 227 218
172 416 43
884 451
129
164 271 101
169 450 149
188 685 182
164 658 106
121 434 36
121 969 116
634 969 48
308 434 70
313 634 202
920 937 52
640 969 131
308 434 198
188 271 90
169 271 148
188 548 143
282 876 34
188 980 209
271 920 78
169 271 132
341 876 60
658 980 58
450 920 20
188 282 115
169 282 211
341 548 112
282 876 186
341 685 157
164 271 125
121 937 29
188 548 85
876 980 172
188 434 139
313 685 112
271 920 211
164 434 68
548 685 25
164 341 186
282 548 134
341 450 54
341 957 30
121 341 107
308 937 194
188 937 51
121 656 209
164 271 171
121 980 114
634 920 218
434 658 22
640 957 56
164 434 171
164 313 121
164 656 28
121 282 66
169 308 103
548 876 123
164 656 203
658 957 49
121 169 114
920 957 164
450 969 38
876 920 199
282 450 103
188 434 44
313 957 174
169 548 67
169 969 164
121 434 92
656 937 40
876 980 161
271 434 99
656 937 91
308 313 189
121 980 172
341 937 64
271 969 206
164 188 29
640 685 33
434 980 26
164 685 182
164 188 133
188 282 97
282 920 139
271 640 158
169 548 26
313 634 194
164 434 49
937 957 194
656 876 146
341 957 40
450 548 59
656 937 84
121 920 219
450 980 162
121 548 37
188 282 53
282 969 163
634 658 34
308 685 210
548 658 88
282 969 50
434 876 212
121 188 174
450 969 72
282 876 119
450 969 214
685 980 100
164 450 27
434 658 130
450 685 29
282 308 197
876 957 151
169 920 106
271 282 86
640 969 135
164 341 94
548 969 88
282 980 32
164 271 71
164 957 54
434 876 178
271 937 149
169 658 56
548 920 64
548 634 71
876 957 139
656 876 97
121 685 167
313 876 83
169 658 65
271 876
44
723 948 173
135 383 112
518 723 132
135 349 158
561 621 99
349 518 111
508 625 76
111 614 22
247 948 33
256 614 123
518 948 203
625 868 144
247 614 68
230 508 99
256 625 27
383 518 213
111 383 82
621 948 112
625 868 192
383 508 205
561 926 21
256 625 174
723 868 213
111 230 143
508 723 103
256 349 22
230 256 51
518 561 111
111 561 72
256 508 142
111 230 110
508 948 108
135 383 101
247 256 119
247 723 84
230 723 24
561 625 46
383 518 188
383 868 123
230 948 64
230 621 40
561 625 168
111 383 104
111 518 62
561 926
82
82 458 191
173 478 206
510 779 70
188 713 174
510 713 131
306 770 65
113 527 163
173 888 97
113 494 122
173 839 37
713 717 180
82 881 60
779 854 141
188 527 178
186 839 145
82 478 202
306 717 32
770 881 33
82 262 139
713 770 43
173 779 46
527 854 174
306 351 73
306 713 44
113 839 99
82 494 28
82 779 50
82 881 83
18 188 126
458 888 129
82 854 136
287 494 23
18 577 23
351 946 200
82 262 145
632 923 31
458 713 90
18 881 189
287 351 191
458 632 145
306 351 57
494 713 141
632 946 93
510 839 170
82 113 65
173 854 169
188 854 31
527 577 101
478 923 103
186 494 205
173 510 61
18 770 89
186 262 48
351 881 37
494 717 43
113 839 138
713 946 119
82 287 76
306 458 178
458 770 94
306 888 167
82 854 204
18 173 35
113 881 197
18 306 203
173 351 155
527 881 125
577 770 178
494 717 127
527 770 83
287 713 77
188 458 152
770 779 85
82 173 189
478 632 215
478 632 106
262 287 134
510 713 193
262 839 56
713 770 208
262 287 127
18 527 27
494 717
145
90 169 130
194 810 89
82 115 85
803 961 52
115 270 128
2 994 79
245 810 92
378 961 71
378 431 178
2 810 55
3 137 163
2 285 40
378 810 171
90 285 29
82 431 122
803 985 189
3 431 29
3 245 109
3 810 155
641 985 200
3 378 140
285 994 58
137 961 29
3 346 21
115 641 143
810 961 78
82 641 82
961 985 166
810 820 136
3 641 88
194 641 61
137 803 65
431 641 88
194 961 152
137 820 29
90 985 86
3 810 134
169 994 81
245 270 162
82 137 188
810 961 32
346 810 153
270 285 92
245 803 59
3 994 38
270 641 106
346 994 90
270 820 183
803 820 40
810 961 171
270 378 113
641 803 70
378 820 20
169 245 204
431 820 26
194 994 79
3 194 51
378 803 178
820 985 217
378 431 67
810 820 132
285 985 188
378 803 49
803 994 189
115 431 27
137 194 97
810 994 154
378 961 29
2 810 102
137 378 155
137 985 193
270 994 62
2 194 49
245 961 88
169 245 34
378 820 72
90 641 121
82 285 79
803 994 58
137 270 104
245 994 85
82 810 27
115 270 101
82 137 35
3 169 163
137 820 217
3 985 47
820 961 84
270 378 35
2 431 119
270 378 114
285 820 132
82 961 84
2 994 206
431 961 137
82 115 100
82 346 163
90 803 125
285 961 161
169 245 52
82 378 139
803 985 25
169 803 115
90 378 83
378 641 92
82 378 73
90 346 28
137 820 89
3 641 128
285 803 109
2 346 108
270 985 129
3 346 131
641 810 150
169 820 97
2 346 142
3 270 183
820 985 212
137 810 144
820 961 36
270 431 157
194 961 183
2 994 49
115 245 200
245 994 137
245 285 94
169 194 117
346 961 165
82 820 198
285 820 206
90 115 207
270 994 218
90 245 73
137 270 113
820 994 104
82 803 32
803 810 154
169 245 145
82 245 71
2 378 121
90 378 36
3 961 74
90 169 170
346 994 181
961 985 100
803 431
189
820 921 133
26 699 122
630 838 179
664 838 62
621 699 172
766 820 44
399 630 51
621 699 102
399 468 95
835 968 178
699 865 113
399 556 215
107 234 131
699 921 23
34 820 74
474 664 111
193 623 166
26 838 215
190 699 152
34 835 199
623 766 39
556 766 98
474 968 27
107 968 112
107 190 164
34 699 43
621 835 150
234 623 198
107 865 76
623 865 47
621 630 147
193 234 163
820 928 207
699 838 85
26 838 134
26 766 183
190 835 186
234 630 134
623 968 120
190 193 55
556 664 59
34 399 167
234 835 147
234 623 120
26 190 79
556 664 133
399 623 56
234 838 202
835 865 25
474 948 29
664 948 155
630 928 205
468 699 56
664 928 129
234 556 93
26 699 162
34 664 113
193 835 95
664 921 126
399 623 158
664 766 134
766 948 68
820 948 214
34 664 198
556 623 50
190 838 69
468 474 67
34 766 35
26 474 135
623 948 168
190 193 167
474 921 53
621 699 105
26 948 112
107 865 201
835 968 91
26 664 49
630 928 27
26 234 207
468 623 54
107 835 37
699 948 196
234 921 29
26 474 53
621 968 158
468 968 107
26 107 47
621 766 95
835 968 189
234 838 181
474 766 81
556 948 205
26 468 141
193 835 218
621 820 193
107 865 128
234 820 137
26 835 36
399 865 45
766 928 156
34 468 29
468 865 51
190 621 118
399 621 31
34 838 44
26 948 45
865 948 23
193 399 50
26 556 88
193 838 191
556 630 163
664 699 96
193 968 186
865 921 74
234 968 125
107 399 167
835 921 38
107 921 173
556 835 46
26 630 66
399 968 207
556 948 191
190 399 145
474 820 166
399 968 198
190 921 161
34 193 95
621 835 203
556 835 20
34 835 178
34 699 132
26 968 95
630 835 124
234 474 201
193 835 148
399 664 22
34 865 120
835 948 94
107 921 76
556 928 211
474 928 193
468 820 152
193 968 115
699 838 198
766 820 109
468 921 55
468 921 193
234 968 215
399 766 151
26 630 183
556 835 36
399 630 99
865 928 85
766 835 147
623 630 168
107 835 96
26 664 160
234 621 119
865 968 196
621 928 72
630 928 37
190 664 126
26 107 180
621 835 81
699 835 125
234 820 204
26 699 108
623 835 154
664 699 72
34 474 105
699 865 27
474 921 146
820 928 136
107 928 157
621 699 153
26 766 142
26 968 208
766 838 125
630 865 110
193 766 146
664 838 156
26 468 163
234 630 170
699 928 95
399 835 43
621 921 218
474 623 143
107 190 136
766 928 175
835 921
134
249 491 165
50 72 101
68 251 21
17 943 39
809 850 127
251 943 61
68 910 110
50 367 143
9 275 160
385 581 51
17 491 116
68 72 38
740 991 65
50 175 54
9 296 149
296 606 68
491 991 67
275 515 101
717 928 40
9 175 57
9 72 136
385 515 87
296 928 123
612 991 80
50 249 172
515 606 25
717 928 56
296 910 39
17 740 213
491 717 149
385 581 90
612 717 89
612 809 50
515 809 206
928 991 160
68 991 39
50 928 21
809 910 177
249 491 107
296 809 186
17 606 147
367 491 21
68 249 162
251 296 166
581 943 86
515 928 48
17 296 36
251 581 40
385 928 179
17 275 29
606 612 92
251 740 169
581 809 89
367 991 131
17 68 141
717 928 196
809 850 35
251 606 39
612 850 106
72 612 205
850 943 122
581 850 165
296 515 72
175 606 178
249 491 164
17 943 192
740 809 183
251 296 219
50 275 218
9 68 120
606 910 212
9 72 148
72 606 30
72 850 178
515 809 186
385 809 112
606 717 62
251 275 151
249 717 215
175 581 163
296 581 80
72 850 40
296 991 49
275 809 214
612 943 61
367 606 162
606 928 170
9 367 62
68 491 128
17 251 208
68 385 20
50 515 185
717 740 70
491 515 72
9 717 27
515 740 156
68 928 40
251 809 41
515 910 205
249 928 183
581 612 215
612 809 126
251 491 172
249 809 162
50 72 201
72 175 213
491 928 115
9 385 182
249 910 180
17 175 153
491 612 21
606 740 66
910 943 51
249 809 50
72 296 71
72 910 156
50 491 203
367 991 99
809 910 37
249 275 63
606 928 102
251 385 29
72 581 83
740 991 85
385 809 146
17 72 136
50 275 91
385 910 97
17 515 26
50 850 109
491 910 159
249 809 74
72 251 166
515 740 76
249 296
167
40 815 98
9 309 74
672 896 111
18 795 200
40 295 46
300 896 50
300 896 101
672 992 120
9 453 167
18 121 119
18 672 29
896 935 41
18 309 86
309 538 192
538 795 90
9 795 52
309 672 22
9 170 217
18 300 65
59 170 181
40 121 43
725 795 181
40 795 100
40 992 152
300 992 36
40 489 126
40 170 193
170 992 106
309 453 50
170 935 56
121 309 115
489 992 37
121 896 192
59 453 158
309 795 52
672 896 159
300 795 84
9 896 69
170 896 173
59 896 194
295 453 208
300 538 131
40 795 20
309 538 85
170 896 218
121 453 62
300 725 180
725 935 219
59 295 62
18 300 175
59 489 194
9 453 60
18 295 160
40 300 56
725 795 180
59 896 57
453 992 194
672 935 87
121 896 107
121 300 177
121 309 216
40 170 154
295 725 210
59 121 133
309 896 103
9 992 174
725 992 126
170 815 173
672 795 107
725 992 78
453 672 60
538 896 22
9 309 161
453 725 156
309 815 28
935 992 158
170 725 177
489 815 30
170 489 166
9 453 34
725 992 127
170 935 69
538 992 208
170 309 50
538 935 124
672 896 29
59 453 160
672 815 168
453 725 210
121 300 80
170 725 198
309 725 41
9 309 189
59 725 52
300 896 86
18 725 81
9 815 217
40 489 23
489 935 132
453 815 210
40 170 217
309 896 112
170 896 105
170 309 196
538 815 218
295 815 85
170 815 75
309 896 59
170 815 83
59 295 135
295 489 92
300 795 21
9 300 78
170 453 112
538 896 118
18 725 121
9 896 211
59 815 194
9 489 205
18 59 51
295 672 162
725 795 26
18 815 54
295 672 159
170 992 194
40 935 107
453 935 21
18 538 91
18 795 190
309 538 141
672 725 179
18 59 205
18 453 165
309 672 111
170 935 68
453 896 157
59 935 152
672 795 106
300 815 49
40 672 168
725 815 138
18 453 169
18 40 80
18 725 180
121 672 162
121 453 189
295 725 70
121 672 91
795 815 167
489 538 40
453 935 172
489 725 150
295 935 77
725 896 134
300 453 21
300 896 119
170 453 35
309 896 89
453 935 92
59 453 113
453 538 21
795 992 71
9 300 121
121 489 205
672 896 203
538 896 178
9 815 201
18 309
42
219 475 32
354 803 125
574 624 192
246 362 116
283 702 96
223 803 88
246 658 54
169 405 33
336 362 111
497 803 109
169 702 217
336 576 127
223 428 108
68 576 25
362 405 216
354 475 97
362 624 182
246 412 192
362 624 180
260 354 42
169 576 33
223 803 29
362 405 52
658 702 24
202 262 61
428 624 20
68 803 184
246 262 212
169 336 195
336 405 145
393 803 92
393 576 101
68 412 190
262 412 134
202 702 210
169 223 100
354 929 137
354 929 80
219 354 142
68 405 132
336 658 95
169 219 144
362 624
0
