1059.59
324.22
833.28
517.24
1644.12
468.79
1134.52
740.66
597.36
1809.30
696.81
1365.73
217.75
3344.42
1119.86
823.74
833.12
1872.64
672.04
567.44
364.08
1183.38
215.28
1070.11
204.96
1236.41
1417.62
961.82
1854.74
475.63
562.12
1272.96
834.97
1638.66
736.53
1273.44
225.60
1185.36
845.76
482.31
1558.85
1486.91
1855.48
407.69
231.12
439.23
561.20
3265.27
658.87
921.61
1106.40
275.40
563.16
123.12
567.38
945.35
1168.38
657.28
1087.32
481.95
1547.05
339.81
414.39
126.72
1134.14
292.32
697.70
404.45
391.63
1044.52
233.75
1755.95
1249.00
136.20
1090.42
1378.84
832.98
746.46
569.23
99.16
172.04
760.23
1389.28
1317.46
552.27
471.12
310.32
564.45
820.41
886.12
602.45
931.74
869.30
312.27
520.73
598.07
667.28
527.48
281.22
1774.80
